255 255 255 255 255 255 255 255 255 255 255 255 255 255 255 255
255 112  64  64  64 207 112 255 207 207 207  64  64  64 112 255
255  64 239 191 191 191 255 207  64  64 191 191 191 239  64 255
255  64 191   0 191 191  64  16 159 159 191 191   0 191  64 255
255  64 191 191 143 191  96 239 191 191 191 143 191 191  64 255
255 207 191 191 191 239  96  96 191  48 239 191 191 191 207 255
255 207  64 159  48 191 112 255 207  64 112 112  96 191  64 255
255 207 112  64  48  48 255 112 255 112  64  64 191 143  64 255
255 255 159  64 239 239  64  64 191   0 207  64 207  64 112 255
255 112 207 255 239  96 255 255  96 191  64 207 207  64 112 255
255 207 191 191 191 239 207 159  96  96 239 239   0 143 207 255
255  64 191 191 143 191 207 159  96  96 239 239  48  48  64 255
255  64 191   0 191 191 191   0 112  64   0  48  48 143 112 255
255  64 239 191 191 191 191 143 112  64  48 239  48   0 112 255
255 112  64  64  64 207  64 207 112 112 255 255 207  64 112 255
255 255 255 255 255 255 255 255 255 255 255 255 255 255 255 255
255 255 255 255 255 255 255 255 255 255 255 255 255 255 255 255
255 112  64  64  64 207 112 255 207 207 207  64  64  64 112 255
255  64 239 191 191 191 255 207  64  64 191 191 191 239  64 255
255  64 191   0 191 191  64  16 159 159 191 191   0 191  64 255
255  64 191 191 143 191  96 239 191 191 191 143 191 191  64 255
255 207 191 191 191 239  96  96 191  48 239 191 191 191 207 255
255 207  64 159  48 191 112 255 207  64 112 112  96 191  64 255
255 207 112  64  48  48 255 112 255 112  64  64 191 143  64 255
255 255 159  64 239 239  64  64 191   0 207  64 207  64 112 255
255 112 207 255 239  96 255 255  96 191  64 207 207  64 112 255
255 207 191 191 191 239 207 159  96  96 239 239   0 143 207 255
255  64 191 191 143 191 207 159  96  96 239 239  48  48  64 255
255  64 191   0 191 191 191   0 112  64   0  48  48 143 112 255
255  64 239 191 191 191 191 143 112  64  48 239  48   0 112 255
255 112  64  64  64 207  64 207 112 112 255 255 207  64 112 255
255 255 255 255 255 255 255 255 255 255 255 255 255 255 255 255
255 255 255 255 255 255 255 255 255 255 255 255 255 255 255 255
255 112  64  64  64 207 112 255 207 207 207  64  64  64 112 255
255  64 239 191 191 191 255 207  64  64 191 191 191 239  64 255
255  64 191   0 191 191  64  16 159 159 191 191   0 191  64 255
255  64 191 191 143 191  96 239 191 191 191 143 191 191  64 255
255 207 191 191 191 239  96  96 191  48 239 191 191 191 207 255
255 207  64 159  48 191 112 255 207  64 112 112  96 191  64 255
255 207 112  64  48  48 255 112 255 112  64  64 191 143  64 255
255 255 159  64 239 239  64  64 191   0 207  64 207  64 112 255
255 112 207 255 239  96 255 255  96 191  64 207 207  64 112 255
255 207 191 191 191 239 207 159  96  96 239 239   0 143 207 255
255  64 191 191 143 191 207 159  96  96 239 239  48  48  64 255
255  64 191   0 191 191 191   0 112  64   0  48  48 143 112 255
255  64 239 191 191 191 191 143 112  64  48 239  48   0 112 255
255 112  64  64  64 207  64 207 112 112 255 255 207  64 112 255
255 255 255 255 255 255 255 255 255 255 255 255 255 255 255 255

255 255 255 255 255 255 255 255 255 255 255 255 255 255 255 255
255 112  64  64  64 207  64  64 112 112 207  64 112 112 112 255
255  64 239 191 191 191 191 143  64  64 143  48 143   0  64 255
255  64 191   0 191 191  96 191 207 207   0  48  48  48 207 255
255  64 191 191 143 191 112  64  64 207 239 239  48 239 255 255
255 207 191 191 191 239 112  64 207  64 239 239   0  48 255 255
255 207  64 159 191  48  64 112   0 191  96  96  64  64 112 255
255 207  64 159 191 191 207 255 191  96  96  96 112 112 112 255
255 255 207  16 239  96 255 112  64 255 159 159   0 143 207 255
255 112 255  64  96  96 112 255  64 255 207 207 191 191  64 255
255 207 191 191 191 239 191  48 239  96 239 191 191 191 207 255
255  64 191 191 143 191  48  48 239 239 191 143 191 191  64 255
255  64 191   0 191 191 159  64  64 255 191 191   0 191  64 255
255  64 239 191 191 191  64 112 159 207 191 191 191 239  64 255
255 112  64  64  64 207 207 207 255 112 207  64  64  64 112 255
255 255 255 255 255 255 255 255 255 255 255 255 255 255 255 255
255 255 255 255 255 255 255 255 255 255 255 255 255 255 255 255
255 112  64  64  64 207  64  64 112 112 207  64 112 112 112 255
255  64 239 191 191 191 191 143  64  64 143  48 143   0  64 255
255  64 191   0 191 191  96 191 207 207   0  48  48  48 207 255
255  64 191 191 143 191 112  64  64 207 239 239  48 239 255 255
255 207 191 191 191 239 112  64 207  64 239 239   0  48 255 255
255 207  64 159 191  48  64 112   0 191  96  96  64  64 112 255
255 207  64 159 191 191 207 255 191  96  96  96 112 112 112 255
255 255 207  16 239  96 255 112  64 255 159 159   0 143 207 255
255 112 255  64  96  96 112 255  64 255 207 207 191 191  64 255
255 207 191 191 191 239 191  48 239  96 239 191 191 191 207 255
255  64 191 191 143 191  48  48 239 239 191 143 191 191  64 255
255  64 191   0 191 191 159  64  64 255 191 191   0 191  64 255
255  64 239 191 191 191  64 112 159 207 191 191 191 239  64 255
255 112  64  64  64 207 207 207 255 112 207  64  64  64 112 255
255 255 255 255 255 255 255 255 255 255 255 255 255 255 255 255
255 255 255 255 255 255 255 255 255 255 255 255 255 255 255 255
255 112  64  64  64 207  64  64 112 112 207  64 112 112 112 255
255  64 239 191 191 191 191 143  64  64 143  48 143   0  64 255
255  64 191   0 191 191  96 191 207 207   0  48  48  48 207 255
255  64 191 191 143 191 112  64  64 207 239 239  48 239 255 255
255 207 191 191 191 239 112  64 207  64 239 239   0  48 255 255
255 207  64 159 191  48  64 112   0 191  96  96  64  64 112 255
255 207  64 159 191 191 207 255 191  96  96  96 112 112 112 255
255 255 207  16 239  96 255 112  64 255 159 159   0 143 207 255
255 112 255  64  96  96 112 255  64 255 207 207 191 191  64 255
255 207 191 191 191 239 191  48 239  96 239 191 191 191 207 255
255  64 191 191 143 191  48  48 239 239 191 143 191 191  64 255
255  64 191   0 191 191 159  64  64 255 191 191   0 191  64 255
255  64 239 191 191 191  64 112 159 207 191 191 191 239  64 255
255 112  64  64  64 207 207 207 255 112 207  64  64  64 112 255
255 255 255 255 255 255 255 255 255 255 255 255 255 255 255 255

255 254 254 254 255 255 254 254 254 254 254 254 254 254 254 255
254 162 114 222 253 249 157 176 221 116 158 121 116 115 163 254
254 140  24 100 212 141  89 160 163 154  97 195 153 207 115 254
254 130 124  97  86  46  47 142  96 176 157 191   4 153 116 254
254 110  88  99 221 128  71  67 111 208 203 167 191 194 121 254
254 217 107  65 128  72 117 131 113 147 141 176  98 165 225 254
254 152  92 184 153 108 173 100 163 215 159 220 184 195 170 254
254 127  74 111  57 143  45 195 113  83 175 219  54 167 248 255
254 108 101 107  59 164 131 210 119 173 109  84  92 165 220 254
254 113 179 100 119  90  88 210 242 130 123  83 132  55 190 254
254 165 163  98 198  93 103 188 181 155 156 187 157  97 158 254
254 121 194 191 167 100 151 136 154 110 182 167 191 194 121 254
254 116 154   4 191  97 110 156  88  46  98 191   4 153 116 254
254 115 207 153 194 163  78 104 184 215 163 195 153 207 115 254
254 163 115 116 121 165 193 220 251 149 165 121 116 115 163 254
255 254 254 254 254 254 254 254 255 254 254 254 254 254 254 255
255 254 254 254 255 255 254 254 254 254 254 254 254 254 254 255
254 162 114 222 253 249 157 176 221 116 158 121 116 115 163 254
254 140  24 100 212 141  89 160 163 154  97 195 153 207 115 254
254 130 124  97  86  46  47 142  96 176 157 191   4 153 116 254
254 110  88  99 221 128  71  67 111 208 203 167 191 194 121 254
254 217 107  65 128  72 117 131 113 147 141 176  98 165 225 254
254 152  92 184 153 108 173 100 163 215 159 220 184 195 170 254
254 127  74 111  57 143  45 195 113  83 175 219  54 167 248 255
254 108 101 107  59 164 131 210 119 173 109  84  92 165 220 254
254 113 179 100 119  90  88 210 242 130 123  83 132  55 190 254
254 165 163  98 198  93 103 188 181 155 156 187 157  97 158 254
254 121 194 191 167 100 151 136 154 110 182 167 191 194 121 254
254 116 154   4 191  97 110 156  88  46  98 191   4 153 116 254
254 115 207 153 194 163  78 104 184 215 163 195 153 207 115 254
254 163 115 116 121 165 193 220 251 149 165 121 116 115 163 254
255 254 254 254 254 254 254 254 255 254 254 254 254 254 254 255
255 254 254 254 255 255 254 254 254 254 254 254 254 254 254 255
254 162 114 222 253 249 157 176 221 116 158 121 116 115 163 254
254 140  24 100 212 141  89 160 163 154  97 195 153 207 115 254
254 130 124  97  86  46  47 142  96 176 157 191   4 153 116 254
254 110  88  99 221 128  71  67 111 208 203 167 191 194 121 254
254 217 107  65 128  72 117 131 113 147 141 176  98 165 225 254
254 152  92 184 153 108 173 100 163 215 159 220 184 195 170 254
254 127  74 111  57 143  45 195 113  83 175 219  54 167 248 255
254 108 101 107  59 164 131 210 119 173 109  84  92 165 220 254
254 113 179 100 119  90  88 210 242 130 123  83 132  55 190 254
254 165 163  98 198  93 103 188 181 155 156 187 157  97 158 254
254 121 194 191 167 100 151 136 154 110 182 167 191 194 121 254
254 116 154   4 191  97 110 156  88  46  98 191   4 153 116 254
254 115 207 153 194 163  78 104 184 215 163 195 153 207 115 254
254 163 115 116 121 165 193 220 251 149 165 121 116 115 163 254
255 254 254 254 254 254 254 254 255 254 254 254 254 254 254 255

255 254 254 254 254 254 254 255 254 254 254 254 254 254 254 255
254 163 115 116 121 225 170 248 220 190 158 121 116 115 163 254
254 115 207 153 194 165 195 167 165  55  97 194 153 207 115 254
254 116 153   4 191  98 184  54  92 132 157 191   4 153 116 254
254 121 195 191 167 176 220 219  84  83 187 167 191 195 121 254
254 158  97 157 203 141 159 175 109 123 156 182  98 163 165 254
254 116 154 176 208 147 215  83 173 130 155 110  46 215 149 254
254 221 163  96 111 113 163 113 119 242 181 154  88 184 251 255
254 176 160 142  67 131 100 195 210 210 188 136 156 104 220 254
254 157  89  47  71 117 173  45 131  88 103 151 110  78 193 254
255 249 141  46 128  72 108 143 164  90  93 100  97 163 165 254
255 253 212  86 221 128 153  57  59 119 198 167 191 194 121 254
254 222 100  97  99  65 184 111 107 100  98 191   4 153 116 254
254 114  24 124  88 107  92  74 101 179 163 194 154 207 115 254
254 162 140 130 110 217 152 127 108 113 165 121 116 115 163 254
255 254 254 254 254 254 254 254 254 254 254 254 254 254 254 255
255 254 254 254 254 254 254 255 254 254 254 254 254 254 254 255
254 163 115 116 121 225 170 248 220 190 158 121 116 115 163 254
254 115 207 153 194 165 195 167 165  55  97 194 153 207 115 254
254 116 153   4 191  98 184  54  92 132 157 191   4 153 116 254
254 121 195 191 167 176 220 219  84  83 187 167 191 195 121 254
254 158  97 157 203 141 159 175 109 123 156 182  98 163 165 254
254 116 154 176 208 147 215  83 173 130 155 110  46 215 149 254
254 221 163  96 111 113 163 113 119 242 181 154  88 184 251 255
254 176 160 142  67 131 100 195 210 210 188 136 156 104 220 254
254 157  89  47  71 117 173  45 131  88 103 151 110  78 193 254
255 249 141  46 128  72 108 143 164  90  93 100  97 163 165 254
255 253 212  86 221 128 153  57  59 119 198 167 191 194 121 254
254 222 100  97  99  65 184 111 107 100  98 191   4 153 116 254
254 114  24 124  88 107  92  74 101 179 163 194 154 207 115 254
254 162 140 130 110 217 152 127 108 113 165 121 116 115 163 254
255 254 254 254 254 254 254 254 254 254 254 254 254 254 254 255
255 254 254 254 254 254 254 255 254 254 254 254 254 254 254 255
254 163 115 116 121 225 170 248 220 190 158 121 116 115 163 254
254 115 207 153 194 165 195 167 165  55  97 194 153 207 115 254
254 116 153   4 191  98 184  54  92 132 157 191   4 153 116 254
254 121 195 191 167 176 220 219  84  83 187 167 191 195 121 254
254 158  97 157 203 141 159 175 109 123 156 182  98 163 165 254
254 116 154 176 208 147 215  83 173 130 155 110  46 215 149 254
254 221 163  96 111 113 163 113 119 242 181 154  88 184 251 255
254 176 160 142  67 131 100 195 210 210 188 136 156 104 220 254
254 157  89  47  71 117 173  45 131  88 103 151 110  78 193 254
255 249 141  46 128  72 108 143 164  90  93 100  97 163 165 254
255 253 212  86 221 128 153  57  59 119 198 167 191 194 121 254
254 222 100  97  99  65 184 111 107 100  98 191   4 153 116 254
254 114  24 124  88 107  92  74 101 179 163 194 154 207 115 254
254 162 140 130 110 217 152 127 108 113 165 121 116 115 163 254
255 254 254 254 254 254 254 254 254 254 254 254 254 254 254 255
